1 2 3 4 0
-1 -2 0
-1 -3 0
-1 -4 0
-2 -3 0
-2 -4 0
-3 -4 0
5 6 7 8 0
-5 -6 0
-5 -7 0
-5 -8 0
-6 -7 0
-6 -8 0
-7 -8 0
9 10 11 12 0
-9 -10 0
-9 -11 0
-9 -12 0
-10 -11 0
-10 -12 0
-11 -12 0
13 14 15 16 0
-13 -14 0
-13 -15 0
-13 -16 0
-14 -15 0
-14 -16 0
-15 -16 0
17 18 19 20 0
-17 -18 0
-17 -19 0
-17 -20 0
-18 -19 0
-18 -20 0
-19 -20 0
21 22 23 24 0
-21 -22 0
-21 -23 0
-21 -24 0
-22 -23 0
-22 -24 0
-23 -24 0
25 26 27 28 0
-25 -26 0
-25 -27 0
-25 -28 0
-26 -27 0
-26 -28 0
-27 -28 0
29 30 31 32 0
-29 -30 0
-29 -31 0
-29 -32 0
-30 -31 0
-30 -32 0
-31 -32 0
33 34 35 36 0
-33 -34 0
-33 -35 0
-33 -36 0
-34 -35 0
-34 -36 0
-35 -36 0
37 38 39 40 0
-37 -38 0
-37 -39 0
-37 -40 0
-38 -39 0
-38 -40 0
-39 -40 0
-1 5 0
-5 1 0
-2 6 0
-6 2 0
-3 7 0
-7 3 0
-4 8 0
-8 4 0
-9 13 0
-13 9 0
-10 14 0
-14 10 0
-11 15 0
-15 11 0
-12 16 0
-16 12 0
-17 21 0
-21 17 0
-18 22 0
-22 18 0
-19 23 0
-23 19 0
-20 24 0
-24 20 0
-1 -9 0
-2 -10 0
-3 -11 0
-4 -12 0
-5 -21 0
-6 -22 0
-7 -23 0
-8 -24 0
-13 -17 0
-14 -18 0
-15 -19 0
-16 -20 0
-29 -33 0
-30 -34 0
-31 -35 0
-32 -36 0
-1 -5 -9 -13 0
-1 -5 -9 -17 0
-1 -5 -9 -21 0
-1 -5 -9 -25 0
-1 -5 -9 -29 0
-1 -5 -9 -33 0
-1 -5 -9 -37 0
-1 -5 -13 -17 0
-1 -5 -13 -21 0
-1 -5 -13 -25 0
-1 -5 -13 -29 0
-1 -5 -13 -33 0
-1 -5 -13 -37 0
-1 -5 -17 -21 0
-1 -5 -17 -25 0
-1 -5 -17 -29 0
-1 -5 -17 -33 0
-1 -5 -17 -37 0
-1 -5 -21 -25 0
-1 -5 -21 -29 0
-1 -5 -21 -33 0
-1 -5 -21 -37 0
-1 -5 -25 -29 0
-1 -5 -25 -33 0
-1 -5 -25 -37 0
-1 -5 -29 -33 0
-1 -5 -29 -37 0
-1 -5 -33 -37 0
-1 -9 -13 -17 0
-1 -9 -13 -21 0
-1 -9 -13 -25 0
-1 -9 -13 -29 0
-1 -9 -13 -33 0
-1 -9 -13 -37 0
-1 -9 -17 -21 0
-1 -9 -17 -25 0
-1 -9 -17 -29 0
-1 -9 -17 -33 0
-1 -9 -17 -37 0
-1 -9 -21 -25 0
-1 -9 -21 -29 0
-1 -9 -21 -33 0
-1 -9 -21 -37 0
-1 -9 -25 -29 0
-1 -9 -25 -33 0
-1 -9 -25 -37 0
-1 -9 -29 -33 0
-1 -9 -29 -37 0
-1 -9 -33 -37 0
-1 -13 -17 -21 0
-1 -13 -17 -25 0
-1 -13 -17 -29 0
-1 -13 -17 -33 0
-1 -13 -17 -37 0
-1 -13 -21 -25 0
-1 -13 -21 -29 0
-1 -13 -21 -33 0
-1 -13 -21 -37 0
-1 -13 -25 -29 0
-1 -13 -25 -33 0
-1 -13 -25 -37 0
-1 -13 -29 -33 0
-1 -13 -29 -37 0
-1 -13 -33 -37 0
-1 -17 -21 -25 0
-1 -17 -21 -29 0
-1 -17 -21 -33 0
-1 -17 -21 -37 0
-1 -17 -25 -29 0
-1 -17 -25 -33 0
-1 -17 -25 -37 0
-1 -17 -29 -33 0
-1 -17 -29 -37 0
-1 -17 -33 -37 0
-1 -21 -25 -29 0
-1 -21 -25 -33 0
-1 -21 -25 -37 0
-1 -21 -29 -33 0
-1 -21 -29 -37 0
-1 -21 -33 -37 0
-1 -25 -29 -33 0
-1 -25 -29 -37 0
-1 -25 -33 -37 0
-1 -29 -33 -37 0
-5 -9 -13 -17 0
-5 -9 -13 -21 0
-5 -9 -13 -25 0
-5 -9 -13 -29 0
-5 -9 -13 -33 0
-5 -9 -13 -37 0
-5 -9 -17 -21 0
-5 -9 -17 -25 0
-5 -9 -17 -29 0
-5 -9 -17 -33 0
-5 -9 -17 -37 0
-5 -9 -21 -25 0
-5 -9 -21 -29 0
-5 -9 -21 -33 0
-5 -9 -21 -37 0
-5 -9 -25 -29 0
-5 -9 -25 -33 0
-5 -9 -25 -37 0
-5 -9 -29 -33 0
-5 -9 -29 -37 0
-5 -9 -33 -37 0
-5 -13 -17 -21 0
-5 -13 -17 -25 0
-5 -13 -17 -29 0
-5 -13 -17 -33 0
-5 -13 -17 -37 0
-5 -13 -21 -25 0
-5 -13 -21 -29 0
-5 -13 -21 -33 0
-5 -13 -21 -37 0
-5 -13 -25 -29 0
-5 -13 -25 -33 0
-5 -13 -25 -37 0
-5 -13 -29 -33 0
-5 -13 -29 -37 0
-5 -13 -33 -37 0
-5 -17 -21 -25 0
-5 -17 -21 -29 0
-5 -17 -21 -33 0
-5 -17 -21 -37 0
-5 -17 -25 -29 0
-5 -17 -25 -33 0
-5 -17 -25 -37 0
-5 -17 -29 -33 0
-5 -17 -29 -37 0
-5 -17 -33 -37 0
-5 -21 -25 -29 0
-5 -21 -25 -33 0
-5 -21 -25 -37 0
-5 -21 -29 -33 0
-5 -21 -29 -37 0
-5 -21 -33 -37 0
-5 -25 -29 -33 0
-5 -25 -29 -37 0
-5 -25 -33 -37 0
-5 -29 -33 -37 0
-9 -13 -17 -21 0
-9 -13 -17 -25 0
-9 -13 -17 -29 0
-9 -13 -17 -33 0
-9 -13 -17 -37 0
-9 -13 -21 -25 0
-9 -13 -21 -29 0
-9 -13 -21 -33 0
-9 -13 -21 -37 0
-9 -13 -25 -29 0
-9 -13 -25 -33 0
-9 -13 -25 -37 0
-9 -13 -29 -33 0
-9 -13 -29 -37 0
-9 -13 -33 -37 0
-9 -17 -21 -25 0
-9 -17 -21 -29 0
-9 -17 -21 -33 0
-9 -17 -21 -37 0
-9 -17 -25 -29 0
-9 -17 -25 -33 0
-9 -17 -25 -37 0
-9 -17 -29 -33 0
-9 -17 -29 -37 0
-9 -17 -33 -37 0
-9 -21 -25 -29 0
-9 -21 -25 -33 0
-9 -21 -25 -37 0
-9 -21 -29 -33 0
-9 -21 -29 -37 0
-9 -21 -33 -37 0
-9 -25 -29 -33 0
-9 -25 -29 -37 0
-9 -25 -33 -37 0
-9 -29 -33 -37 0
-13 -17 -21 -25 0
-13 -17 -21 -29 0
-13 -17 -21 -33 0
-13 -17 -21 -37 0
-13 -17 -25 -29 0
-13 -17 -25 -33 0
-13 -17 -25 -37 0
-13 -17 -29 -33 0
-13 -17 -29 -37 0
-13 -17 -33 -37 0
-13 -21 -25 -29 0
-13 -21 -25 -33 0
-13 -21 -25 -37 0
-13 -21 -29 -33 0
-13 -21 -29 -37 0
-13 -21 -33 -37 0
-13 -25 -29 -33 0
-13 -25 -29 -37 0
-13 -25 -33 -37 0
-13 -29 -33 -37 0
-17 -21 -25 -29 0
-17 -21 -25 -33 0
-17 -21 -25 -37 0
-17 -21 -29 -33 0
-17 -21 -29 -37 0
-17 -21 -33 -37 0
-17 -25 -29 -33 0
-17 -25 -29 -37 0
-17 -25 -33 -37 0
-17 -29 -33 -37 0
-21 -25 -29 -33 0
-21 -25 -29 -37 0
-21 -25 -33 -37 0
-21 -29 -33 -37 0
-25 -29 -33 -37 0
1 5 9 13 17 21 25 29 33 0
1 5 9 13 17 21 25 29 37 0
1 5 9 13 17 21 25 33 37 0
1 5 9 13 17 21 29 33 37 0
1 5 9 13 17 25 29 33 37 0
1 5 9 13 21 25 29 33 37 0
1 5 9 17 21 25 29 33 37 0
1 5 13 17 21 25 29 33 37 0
1 9 13 17 21 25 29 33 37 0
5 9 13 17 21 25 29 33 37 0
-2 -6 -10 -14 0
-2 -6 -10 -18 0
-2 -6 -10 -22 0
-2 -6 -10 -26 0
-2 -6 -10 -30 0
-2 -6 -10 -34 0
-2 -6 -10 -38 0
-2 -6 -14 -18 0
-2 -6 -14 -22 0
-2 -6 -14 -26 0
-2 -6 -14 -30 0
-2 -6 -14 -34 0
-2 -6 -14 -38 0
-2 -6 -18 -22 0
-2 -6 -18 -26 0
-2 -6 -18 -30 0
-2 -6 -18 -34 0
-2 -6 -18 -38 0
-2 -6 -22 -26 0
-2 -6 -22 -30 0
-2 -6 -22 -34 0
-2 -6 -22 -38 0
-2 -6 -26 -30 0
-2 -6 -26 -34 0
-2 -6 -26 -38 0
-2 -6 -30 -34 0
-2 -6 -30 -38 0
-2 -6 -34 -38 0
-2 -10 -14 -18 0
-2 -10 -14 -22 0
-2 -10 -14 -26 0
-2 -10 -14 -30 0
-2 -10 -14 -34 0
-2 -10 -14 -38 0
-2 -10 -18 -22 0
-2 -10 -18 -26 0
-2 -10 -18 -30 0
-2 -10 -18 -34 0
-2 -10 -18 -38 0
-2 -10 -22 -26 0
-2 -10 -22 -30 0
-2 -10 -22 -34 0
-2 -10 -22 -38 0
-2 -10 -26 -30 0
-2 -10 -26 -34 0
-2 -10 -26 -38 0
-2 -10 -30 -34 0
-2 -10 -30 -38 0
-2 -10 -34 -38 0
-2 -14 -18 -22 0
-2 -14 -18 -26 0
-2 -14 -18 -30 0
-2 -14 -18 -34 0
-2 -14 -18 -38 0
-2 -14 -22 -26 0
-2 -14 -22 -30 0
-2 -14 -22 -34 0
-2 -14 -22 -38 0
-2 -14 -26 -30 0
-2 -14 -26 -34 0
-2 -14 -26 -38 0
-2 -14 -30 -34 0
-2 -14 -30 -38 0
-2 -14 -34 -38 0
-2 -18 -22 -26 0
-2 -18 -22 -30 0
-2 -18 -22 -34 0
-2 -18 -22 -38 0
-2 -18 -26 -30 0
-2 -18 -26 -34 0
-2 -18 -26 -38 0
-2 -18 -30 -34 0
-2 -18 -30 -38 0
-2 -18 -34 -38 0
-2 -22 -26 -30 0
-2 -22 -26 -34 0
-2 -22 -26 -38 0
-2 -22 -30 -34 0
-2 -22 -30 -38 0
-2 -22 -34 -38 0
-2 -26 -30 -34 0
-2 -26 -30 -38 0
-2 -26 -34 -38 0
-2 -30 -34 -38 0
-6 -10 -14 -18 0
-6 -10 -14 -22 0
-6 -10 -14 -26 0
-6 -10 -14 -30 0
-6 -10 -14 -34 0
-6 -10 -14 -38 0
-6 -10 -18 -22 0
-6 -10 -18 -26 0
-6 -10 -18 -30 0
-6 -10 -18 -34 0
-6 -10 -18 -38 0
-6 -10 -22 -26 0
-6 -10 -22 -30 0
-6 -10 -22 -34 0
-6 -10 -22 -38 0
-6 -10 -26 -30 0
-6 -10 -26 -34 0
-6 -10 -26 -38 0
-6 -10 -30 -34 0
-6 -10 -30 -38 0
-6 -10 -34 -38 0
-6 -14 -18 -22 0
-6 -14 -18 -26 0
-6 -14 -18 -30 0
-6 -14 -18 -34 0
-6 -14 -18 -38 0
-6 -14 -22 -26 0
-6 -14 -22 -30 0
-6 -14 -22 -34 0
-6 -14 -22 -38 0
-6 -14 -26 -30 0
-6 -14 -26 -34 0
-6 -14 -26 -38 0
-6 -14 -30 -34 0
-6 -14 -30 -38 0
-6 -14 -34 -38 0
-6 -18 -22 -26 0
-6 -18 -22 -30 0
-6 -18 -22 -34 0
-6 -18 -22 -38 0
-6 -18 -26 -30 0
-6 -18 -26 -34 0
-6 -18 -26 -38 0
-6 -18 -30 -34 0
-6 -18 -30 -38 0
-6 -18 -34 -38 0
-6 -22 -26 -30 0
-6 -22 -26 -34 0
-6 -22 -26 -38 0
-6 -22 -30 -34 0
-6 -22 -30 -38 0
-6 -22 -34 -38 0
-6 -26 -30 -34 0
-6 -26 -30 -38 0
-6 -26 -34 -38 0
-6 -30 -34 -38 0
-10 -14 -18 -22 0
-10 -14 -18 -26 0
-10 -14 -18 -30 0
-10 -14 -18 -34 0
-10 -14 -18 -38 0
-10 -14 -22 -26 0
-10 -14 -22 -30 0
-10 -14 -22 -34 0
-10 -14 -22 -38 0
-10 -14 -26 -30 0
-10 -14 -26 -34 0
-10 -14 -26 -38 0
-10 -14 -30 -34 0
-10 -14 -30 -38 0
-10 -14 -34 -38 0
-10 -18 -22 -26 0
-10 -18 -22 -30 0
-10 -18 -22 -34 0
-10 -18 -22 -38 0
-10 -18 -26 -30 0
-10 -18 -26 -34 0
-10 -18 -26 -38 0
-10 -18 -30 -34 0
-10 -18 -30 -38 0
-10 -18 -34 -38 0
-10 -22 -26 -30 0
-10 -22 -26 -34 0
-10 -22 -26 -38 0
-10 -22 -30 -34 0
-10 -22 -30 -38 0
-10 -22 -34 -38 0
-10 -26 -30 -34 0
-10 -26 -30 -38 0
-10 -26 -34 -38 0
-10 -30 -34 -38 0
-14 -18 -22 -26 0
-14 -18 -22 -30 0
-14 -18 -22 -34 0
-14 -18 -22 -38 0
-14 -18 -26 -30 0
-14 -18 -26 -34 0
-14 -18 -26 -38 0
-14 -18 -30 -34 0
-14 -18 -30 -38 0
-14 -18 -34 -38 0
-14 -22 -26 -30 0
-14 -22 -26 -34 0
-14 -22 -26 -38 0
-14 -22 -30 -34 0
-14 -22 -30 -38 0
-14 -22 -34 -38 0
-14 -26 -30 -34 0
-14 -26 -30 -38 0
-14 -26 -34 -38 0
-14 -30 -34 -38 0
-18 -22 -26 -30 0
-18 -22 -26 -34 0
-18 -22 -26 -38 0
-18 -22 -30 -34 0
-18 -22 -30 -38 0
-18 -22 -34 -38 0
-18 -26 -30 -34 0
-18 -26 -30 -38 0
-18 -26 -34 -38 0
-18 -30 -34 -38 0
-22 -26 -30 -34 0
-22 -26 -30 -38 0
-22 -26 -34 -38 0
-22 -30 -34 -38 0
-26 -30 -34 -38 0
2 6 10 14 18 22 26 30 34 0
2 6 10 14 18 22 26 30 38 0
2 6 10 14 18 22 26 34 38 0
2 6 10 14 18 22 30 34 38 0
2 6 10 14 18 26 30 34 38 0
2 6 10 14 22 26 30 34 38 0
2 6 10 18 22 26 30 34 38 0
2 6 14 18 22 26 30 34 38 0
2 10 14 18 22 26 30 34 38 0
6 10 14 18 22 26 30 34 38 0
-3 -7 -11 -15 0
-3 -7 -11 -19 0
-3 -7 -11 -23 0
-3 -7 -11 -27 0
-3 -7 -11 -31 0
-3 -7 -11 -35 0
-3 -7 -11 -39 0
-3 -7 -15 -19 0
-3 -7 -15 -23 0
-3 -7 -15 -27 0
-3 -7 -15 -31 0
-3 -7 -15 -35 0
-3 -7 -15 -39 0
-3 -7 -19 -23 0
-3 -7 -19 -27 0
-3 -7 -19 -31 0
-3 -7 -19 -35 0
-3 -7 -19 -39 0
-3 -7 -23 -27 0
-3 -7 -23 -31 0
-3 -7 -23 -35 0
-3 -7 -23 -39 0
-3 -7 -27 -31 0
-3 -7 -27 -35 0
-3 -7 -27 -39 0
-3 -7 -31 -35 0
-3 -7 -31 -39 0
-3 -7 -35 -39 0
-3 -11 -15 -19 0
-3 -11 -15 -23 0
-3 -11 -15 -27 0
-3 -11 -15 -31 0
-3 -11 -15 -35 0
-3 -11 -15 -39 0
-3 -11 -19 -23 0
-3 -11 -19 -27 0
-3 -11 -19 -31 0
-3 -11 -19 -35 0
-3 -11 -19 -39 0
-3 -11 -23 -27 0
-3 -11 -23 -31 0
-3 -11 -23 -35 0
-3 -11 -23 -39 0
-3 -11 -27 -31 0
-3 -11 -27 -35 0
-3 -11 -27 -39 0
-3 -11 -31 -35 0
-3 -11 -31 -39 0
-3 -11 -35 -39 0
-3 -15 -19 -23 0
-3 -15 -19 -27 0
-3 -15 -19 -31 0
-3 -15 -19 -35 0
-3 -15 -19 -39 0
-3 -15 -23 -27 0
-3 -15 -23 -31 0
-3 -15 -23 -35 0
-3 -15 -23 -39 0
-3 -15 -27 -31 0
-3 -15 -27 -35 0
-3 -15 -27 -39 0
-3 -15 -31 -35 0
-3 -15 -31 -39 0
-3 -15 -35 -39 0
-3 -19 -23 -27 0
-3 -19 -23 -31 0
-3 -19 -23 -35 0
-3 -19 -23 -39 0
-3 -19 -27 -31 0
-3 -19 -27 -35 0
-3 -19 -27 -39 0
-3 -19 -31 -35 0
-3 -19 -31 -39 0
-3 -19 -35 -39 0
-3 -23 -27 -31 0
-3 -23 -27 -35 0
-3 -23 -27 -39 0
-3 -23 -31 -35 0
-3 -23 -31 -39 0
-3 -23 -35 -39 0
-3 -27 -31 -35 0
-3 -27 -31 -39 0
-3 -27 -35 -39 0
-3 -31 -35 -39 0
-7 -11 -15 -19 0
-7 -11 -15 -23 0
-7 -11 -15 -27 0
-7 -11 -15 -31 0
-7 -11 -15 -35 0
-7 -11 -15 -39 0
-7 -11 -19 -23 0
-7 -11 -19 -27 0
-7 -11 -19 -31 0
-7 -11 -19 -35 0
-7 -11 -19 -39 0
-7 -11 -23 -27 0
-7 -11 -23 -31 0
-7 -11 -23 -35 0
-7 -11 -23 -39 0
-7 -11 -27 -31 0
-7 -11 -27 -35 0
-7 -11 -27 -39 0
-7 -11 -31 -35 0
-7 -11 -31 -39 0
-7 -11 -35 -39 0
-7 -15 -19 -23 0
-7 -15 -19 -27 0
-7 -15 -19 -31 0
-7 -15 -19 -35 0
-7 -15 -19 -39 0
-7 -15 -23 -27 0
-7 -15 -23 -31 0
-7 -15 -23 -35 0
-7 -15 -23 -39 0
-7 -15 -27 -31 0
-7 -15 -27 -35 0
-7 -15 -27 -39 0
-7 -15 -31 -35 0
-7 -15 -31 -39 0
-7 -15 -35 -39 0
-7 -19 -23 -27 0
-7 -19 -23 -31 0
-7 -19 -23 -35 0
-7 -19 -23 -39 0
-7 -19 -27 -31 0
-7 -19 -27 -35 0
-7 -19 -27 -39 0
-7 -19 -31 -35 0
-7 -19 -31 -39 0
-7 -19 -35 -39 0
-7 -23 -27 -31 0
-7 -23 -27 -35 0
-7 -23 -27 -39 0
-7 -23 -31 -35 0
-7 -23 -31 -39 0
-7 -23 -35 -39 0
-7 -27 -31 -35 0
-7 -27 -31 -39 0
-7 -27 -35 -39 0
-7 -31 -35 -39 0
-11 -15 -19 -23 0
-11 -15 -19 -27 0
-11 -15 -19 -31 0
-11 -15 -19 -35 0
-11 -15 -19 -39 0
-11 -15 -23 -27 0
-11 -15 -23 -31 0
-11 -15 -23 -35 0
-11 -15 -23 -39 0
-11 -15 -27 -31 0
-11 -15 -27 -35 0
-11 -15 -27 -39 0
-11 -15 -31 -35 0
-11 -15 -31 -39 0
-11 -15 -35 -39 0
-11 -19 -23 -27 0
-11 -19 -23 -31 0
-11 -19 -23 -35 0
-11 -19 -23 -39 0
-11 -19 -27 -31 0
-11 -19 -27 -35 0
-11 -19 -27 -39 0
-11 -19 -31 -35 0
-11 -19 -31 -39 0
-11 -19 -35 -39 0
-11 -23 -27 -31 0
-11 -23 -27 -35 0
-11 -23 -27 -39 0
-11 -23 -31 -35 0
-11 -23 -31 -39 0
-11 -23 -35 -39 0
-11 -27 -31 -35 0
-11 -27 -31 -39 0
-11 -27 -35 -39 0
-11 -31 -35 -39 0
-15 -19 -23 -27 0
-15 -19 -23 -31 0
-15 -19 -23 -35 0
-15 -19 -23 -39 0
-15 -19 -27 -31 0
-15 -19 -27 -35 0
-15 -19 -27 -39 0
-15 -19 -31 -35 0
-15 -19 -31 -39 0
-15 -19 -35 -39 0
-15 -23 -27 -31 0
-15 -23 -27 -35 0
-15 -23 -27 -39 0
-15 -23 -31 -35 0
-15 -23 -31 -39 0
-15 -23 -35 -39 0
-15 -27 -31 -35 0
-15 -27 -31 -39 0
-15 -27 -35 -39 0
-15 -31 -35 -39 0
-19 -23 -27 -31 0
-19 -23 -27 -35 0
-19 -23 -27 -39 0
-19 -23 -31 -35 0
-19 -23 -31 -39 0
-19 -23 -35 -39 0
-19 -27 -31 -35 0
-19 -27 -31 -39 0
-19 -27 -35 -39 0
-19 -31 -35 -39 0
-23 -27 -31 -35 0
-23 -27 -31 -39 0
-23 -27 -35 -39 0
-23 -31 -35 -39 0
-27 -31 -35 -39 0
3 7 11 15 19 23 27 31 35 0
3 7 11 15 19 23 27 31 39 0
3 7 11 15 19 23 27 35 39 0
3 7 11 15 19 23 31 35 39 0
3 7 11 15 19 27 31 35 39 0
3 7 11 15 23 27 31 35 39 0
3 7 11 19 23 27 31 35 39 0
3 7 15 19 23 27 31 35 39 0
3 11 15 19 23 27 31 35 39 0
7 11 15 19 23 27 31 35 39 0
-4 -8 -12 -16 0
-4 -8 -12 -20 0
-4 -8 -12 -24 0
-4 -8 -12 -28 0
-4 -8 -12 -32 0
-4 -8 -12 -36 0
-4 -8 -12 -40 0
-4 -8 -16 -20 0
-4 -8 -16 -24 0
-4 -8 -16 -28 0
-4 -8 -16 -32 0
-4 -8 -16 -36 0
-4 -8 -16 -40 0
-4 -8 -20 -24 0
-4 -8 -20 -28 0
-4 -8 -20 -32 0
-4 -8 -20 -36 0
-4 -8 -20 -40 0
-4 -8 -24 -28 0
-4 -8 -24 -32 0
-4 -8 -24 -36 0
-4 -8 -24 -40 0
-4 -8 -28 -32 0
-4 -8 -28 -36 0
-4 -8 -28 -40 0
-4 -8 -32 -36 0
-4 -8 -32 -40 0
-4 -8 -36 -40 0
-4 -12 -16 -20 0
-4 -12 -16 -24 0
-4 -12 -16 -28 0
-4 -12 -16 -32 0
-4 -12 -16 -36 0
-4 -12 -16 -40 0
-4 -12 -20 -24 0
-4 -12 -20 -28 0
-4 -12 -20 -32 0
-4 -12 -20 -36 0
-4 -12 -20 -40 0
-4 -12 -24 -28 0
-4 -12 -24 -32 0
-4 -12 -24 -36 0
-4 -12 -24 -40 0
-4 -12 -28 -32 0
-4 -12 -28 -36 0
-4 -12 -28 -40 0
-4 -12 -32 -36 0
-4 -12 -32 -40 0
-4 -12 -36 -40 0
-4 -16 -20 -24 0
-4 -16 -20 -28 0
-4 -16 -20 -32 0
-4 -16 -20 -36 0
-4 -16 -20 -40 0
-4 -16 -24 -28 0
-4 -16 -24 -32 0
-4 -16 -24 -36 0
-4 -16 -24 -40 0
-4 -16 -28 -32 0
-4 -16 -28 -36 0
-4 -16 -28 -40 0
-4 -16 -32 -36 0
-4 -16 -32 -40 0
-4 -16 -36 -40 0
-4 -20 -24 -28 0
-4 -20 -24 -32 0
-4 -20 -24 -36 0
-4 -20 -24 -40 0
-4 -20 -28 -32 0
-4 -20 -28 -36 0
-4 -20 -28 -40 0
-4 -20 -32 -36 0
-4 -20 -32 -40 0
-4 -20 -36 -40 0
-4 -24 -28 -32 0
-4 -24 -28 -36 0
-4 -24 -28 -40 0
-4 -24 -32 -36 0
-4 -24 -32 -40 0
-4 -24 -36 -40 0
-4 -28 -32 -36 0
-4 -28 -32 -40 0
-4 -28 -36 -40 0
-4 -32 -36 -40 0
-8 -12 -16 -20 0
-8 -12 -16 -24 0
-8 -12 -16 -28 0
-8 -12 -16 -32 0
-8 -12 -16 -36 0
-8 -12 -16 -40 0
-8 -12 -20 -24 0
-8 -12 -20 -28 0
-8 -12 -20 -32 0
-8 -12 -20 -36 0
-8 -12 -20 -40 0
-8 -12 -24 -28 0
-8 -12 -24 -32 0
-8 -12 -24 -36 0
-8 -12 -24 -40 0
-8 -12 -28 -32 0
-8 -12 -28 -36 0
-8 -12 -28 -40 0
-8 -12 -32 -36 0
-8 -12 -32 -40 0
-8 -12 -36 -40 0
-8 -16 -20 -24 0
-8 -16 -20 -28 0
-8 -16 -20 -32 0
-8 -16 -20 -36 0
-8 -16 -20 -40 0
-8 -16 -24 -28 0
-8 -16 -24 -32 0
-8 -16 -24 -36 0
-8 -16 -24 -40 0
-8 -16 -28 -32 0
-8 -16 -28 -36 0
-8 -16 -28 -40 0
-8 -16 -32 -36 0
-8 -16 -32 -40 0
-8 -16 -36 -40 0
-8 -20 -24 -28 0
-8 -20 -24 -32 0
-8 -20 -24 -36 0
-8 -20 -24 -40 0
-8 -20 -28 -32 0
-8 -20 -28 -36 0
-8 -20 -28 -40 0
-8 -20 -32 -36 0
-8 -20 -32 -40 0
-8 -20 -36 -40 0
-8 -24 -28 -32 0
-8 -24 -28 -36 0
-8 -24 -28 -40 0
-8 -24 -32 -36 0
-8 -24 -32 -40 0
-8 -24 -36 -40 0
-8 -28 -32 -36 0
-8 -28 -32 -40 0
-8 -28 -36 -40 0
-8 -32 -36 -40 0
-12 -16 -20 -24 0
-12 -16 -20 -28 0
-12 -16 -20 -32 0
-12 -16 -20 -36 0
-12 -16 -20 -40 0
-12 -16 -24 -28 0
-12 -16 -24 -32 0
-12 -16 -24 -36 0
-12 -16 -24 -40 0
-12 -16 -28 -32 0
-12 -16 -28 -36 0
-12 -16 -28 -40 0
-12 -16 -32 -36 0
-12 -16 -32 -40 0
-12 -16 -36 -40 0
-12 -20 -24 -28 0
-12 -20 -24 -32 0
-12 -20 -24 -36 0
-12 -20 -24 -40 0
-12 -20 -28 -32 0
-12 -20 -28 -36 0
-12 -20 -28 -40 0
-12 -20 -32 -36 0
-12 -20 -32 -40 0
-12 -20 -36 -40 0
-12 -24 -28 -32 0
-12 -24 -28 -36 0
-12 -24 -28 -40 0
-12 -24 -32 -36 0
-12 -24 -32 -40 0
-12 -24 -36 -40 0
-12 -28 -32 -36 0
-12 -28 -32 -40 0
-12 -28 -36 -40 0
-12 -32 -36 -40 0
-16 -20 -24 -28 0
-16 -20 -24 -32 0
-16 -20 -24 -36 0
-16 -20 -24 -40 0
-16 -20 -28 -32 0
-16 -20 -28 -36 0
-16 -20 -28 -40 0
-16 -20 -32 -36 0
-16 -20 -32 -40 0
-16 -20 -36 -40 0
-16 -24 -28 -32 0
-16 -24 -28 -36 0
-16 -24 -28 -40 0
-16 -24 -32 -36 0
-16 -24 -32 -40 0
-16 -24 -36 -40 0
-16 -28 -32 -36 0
-16 -28 -32 -40 0
-16 -28 -36 -40 0
-16 -32 -36 -40 0
-20 -24 -28 -32 0
-20 -24 -28 -36 0
-20 -24 -28 -40 0
-20 -24 -32 -36 0
-20 -24 -32 -40 0
-20 -24 -36 -40 0
-20 -28 -32 -36 0
-20 -28 -32 -40 0
-20 -28 -36 -40 0
-20 -32 -36 -40 0
-24 -28 -32 -36 0
-24 -28 -32 -40 0
-24 -28 -36 -40 0
-24 -32 -36 -40 0
-28 -32 -36 -40 0
4 8 12 16 20 24 28 32 36 0
4 8 12 16 20 24 28 32 40 0
4 8 12 16 20 24 28 36 40 0
4 8 12 16 20 24 32 36 40 0
4 8 12 16 20 28 32 36 40 0
4 8 12 16 24 28 32 36 40 0
4 8 12 20 24 28 32 36 40 0
4 8 16 20 24 28 32 36 40 0
4 12 16 20 24 28 32 36 40 0
8 12 16 20 24 28 32 36 40 0
